latitude=26.846695
longitude=80.946167
